50;
10;
14080;
8640;
616,1160,1400,1544,1704,1840,1704,1850,10,700,700,911,1665,5,5,5,5,5,5,5,5,5,5,5,5,5,5,5,5,5,5,5,5,5,5,5,5,5,5,5,5,5,5,5,5,5,5,5,5,5,;
7776,7832,7704,7560,7472,7592,7520,8630,10,7467,7466,7146,6552,5,5,5,5,5,5,5,5,5,5,5,5,5,5,5,5,5,5,5,5,5,5,5,5,5,5,5,5,5,5,5,5,5,5,5,5,5,;
1160,1400,1544,1704,1840,1928,14016,14078,616,1516,822,1342,2660,10,10,10,10,10,10,10,10,10,10,10,10,10,10,10,10,10,10,10,10,10,10,10,10,10,10,10,10,10,10,10,10,10,10,10,10,10,;
7832,7704,7560,7472,7592,8632,7521,8638,7775,7419,7059,6612,6797,10,10,10,10,10,10,10,10,10,10,10,10,10,10,10,10,10,10,10,10,10,10,10,10,10,10,10,10,10,10,10,10,10,10,10,10,10,;
15,15,15,15,15,15,1856,14031,15,15,15,1860,1379,15,15,15,15,15,15,15,15,15,15,15,15,15,15,15,15,15,15,15,15,15,15,15,15,15,15,15,15,15,15,15,15,15,15,15,15,15,;
15,15,15,15,15,15,8632,7514,15,15,15,7307,7193,15,15,15,15,15,15,15,15,15,15,15,15,15,15,15,15,15,15,15,15,15,15,15,15,15,15,15,15,15,15,15,15,15,15,15,15,15,;
0,0,0,0,0,0,1,1,0,0,0,1,1,0,0,0,0,0,0,0,0,0,0,0,0,0,0,0,0,0,0,0,0,0,0,0,0,0,0,0,0,0,0,0,0,0,0,0,0,0,;
0,0,0,0,0,0,193,41,0,0,0,13,10,0,0,0,0,0,0,0,0,0,0,0,0,0,0,0,0,0,0,0,0,0,0,0,0,0,0,0,0,0,0,0,0,0,0,0,0,0,;
0,0,0,0,0,0,1,1,0,0,0,1,1,0,0,0,0,0,0,0,0,0,0,0,0,0,0,0,0,0,0,0,0,0,0,0,0,0,0,0,0,0,0,0,0,0,0,0,0,0,;
0"",0"",0"",0"",0"",0"",0"",0"",0"",0"",0"",0"",0"",0"",0"",0"",0"",0"",0"",0"",0"",0"",0"",0"",0"",0"",0"",0"",0"",0"",0"",0"",0"",0"",0"",0"",0"",0"",0"",0"",0"",0"",0"",0"",0"",0"",0"",0"",0"",0"",;
0,0,0,0,0,0,0,0,0,0,;
1653,527,543,2122,1751,1161,1218,1269,1315,1385,;
7444,6439,6649,7526,7483,7778,7753,7735,7693,7640,;
1.0,1.0,1.0,1.0,1.0,1.0,1.0,1.0,1.0,1.0,;
0.1,0.3,1.0,1.0,1.0,1.0,1.0,1.0,1.0,1.0,;
3,1,5,0,0,0,0,0,0,0,;
100,100,100,1,1,1,1,1,1,1,;
1,1,100,1,1,1,1,1,1,1,;
100,100,100,100,100,100,100,100,100,100,;
12,0,0,0,0,0,0,0,0,0,;
5,5,2,1,1,1,1,1,1,1,;
70,70,30,1,1,1,1,1,1,1,;
100,100,1,1,1,1,1,1,1,1,;
10,0,0,0,0,0,0,0,0,0,;
40,40,500,500,500,500,500,500,500,500,;
20,10,0,0,0,0,0,0,0,0,;
1,1,1,1,1,1,1,1,1,1,;
1,5,1,1,1,1,1,1,1,1,;
1,1,1,1,1,1,1,1,1,1,;
3,3,1,1,1,1,1,1,1,1,;
100,100,1,1,1,1,1,1,1,1,;
166,252,1,1,1,1,1,1,1,1,;
5,6,0,0,0,0,0,0,0,0,;
0,0,0,0,0,0,0,0,0,0,;
0,0,0,0,0,0,0,0,0,0,;
0,0,0,0,0,0,0,0,0,0,;
880,;
7756,;
0,;
73,;
0,;
0,;
47,;
6,;
0,0,0,0,0,0,0,0,0,0,0,0,0,0,0,0,0,0,0,0,0,0,0,0,0,;
0,0,0,0,0,0,0,0,0,0,0,0,0,0,0,0,0,0,0,0,0,0,0,0,0,;
0,0,0,0,0,0,0,0,0,0,0,0,0,0,0,0,0,0,0,0,0,0,0,0,0,;
