82;
5;
1120;
1120;
761,721,656,560,489,442,436,483,753,712,627,514,453,433,433,472,496,562,472,632,659,712,632,475,475,482,705,593,641,567,509,522,533,674,685,627,707,515,515,433,443,432,436,478,480,480,721,762,474,476,481,513,513,561,536,520,675,713,472,472,530,530,631,631,631,687,473,459,739,803,803,809,817,864,863,870,912,926,920,959,959,475,;
650,716,764,764,726,657,586,442,489,422,388,404,465,524,525,529,485,485,527,523,484,485,524,574,573,666,669,709,646,644,677,485,509,485,509,388,457,404,404,524,660,525,585,714,717,717,717,651,573,574,667,676,676,645,510,485,485,483,529,529,510,510,523,523,523,511,518,576,371,266,266,298,330,257,257,293,251,249,319,282,282,706,;
771,762,721,656,559,489,443,712,771,753,712,627,515,454,437,496,563,585,584,658,712,731,730,728,483,592,727,706,693,642,567,534,581,686,724,711,755,627,717,452,480,438,479,559,717,720,761,772,727,483,592,592,566,642,563,567,713,725,497,539,539,579,656,730,674,731,481,520,804,815,846,847,856,878,905,905,948,941,959,1008,1004,507,;
582,650,716,765,764,725,659,423,583,490,423,389,403,466,586,483,484,526,527,483,486,526,524,576,666,709,577,670,675,647,644,510,514,509,512,422,495,389,429,467,714,586,713,765,719,719,650,583,576,667,708,708,646,647,486,484,484,510,482,527,528,513,484,524,488,525,444,571,332,329,260,288,320,321,266,268,245,317,312,247,314,737,;
1,15,15,15,15,15,15,481,15,15,15,15,15,15,15,15,15,15,15,15,15,15,15,15,15,15,15,15,15,15,15,15,15,15,15,754,720,717,474,479,439,480,480,658,656,711,756,756,705,707,710,693,693,694,579,533,687,686,521,522,585,585,677,683,686,724,491,482,15,15,15,15,15,15,15,15,15,15,15,15,15,482,;
1,15,15,15,15,15,15,717,15,15,15,15,15,15,15,15,15,15,15,15,15,15,15,15,15,15,15,15,15,15,15,15,15,15,15,494,718,429,446,443,587,442,441,763,765,425,493,493,669,670,670,674,674,674,513,512,509,511,485,484,526,526,485,511,515,510,491,530,15,15,15,15,15,15,15,15,15,15,15,15,15,667,;
0,0,0,0,0,0,0,1,0,0,0,0,0,0,0,0,0,0,0,0,0,0,0,0,0,0,0,0,0,0,0,0,1,0,0,1,1,1,1,1,1,1,1,1,1,1,1,1,1,1,1,1,1,1,1,1,1,1,1,1,1,1,1,1,1,1,1,1,0,0,0,0,0,0,0,0,0,0,0,0,0,1,;
15,15,15,15,15,15,15,1,15,15,15,15,15,15,15,15,15,15,15,15,15,15,15,15,15,15,15,15,15,15,15,15,15,15,15,1,1,1,1,1,1,1,1,1,1,1,1,1,11,11,11,3,3,3,0,0,0,0,15,15,15,15,15,15,15,15,1,1,15,15,15,15,15,15,15,15,15,15,15,15,15,1,;
0,0,0,0,0,0,0,3,0,0,0,0,0,0,0,0,0,0,0,0,0,0,0,0,0,0,0,0,0,0,0,0,0,0,0,3,3,3,3,3,3,3,3,3,3,3,3,3,3,3,3,3,3,3,3,3,3,3,3,3,3,3,3,3,3,3,3,3,0,0,0,0,0,0,0,0,0,0,0,0,0,3,;
"","","","","","","","","","","","","","","","","","","","","","","","","","","","","","","","","","","","","","","","","","","","","","","","","","","","","","","","","","","","","","","","","","","","","","","","","","","","","","","","","","",;
0,0,0,0,0,;
710,473,531,693,609,;
367,374,300,297,289,;
0.1,1.0,1.0,1.0,1.0,1.0,1.0,1.0,1.0,1.0,;
1.0,1.0,1.0,1.0,1.0,1.0,1.0,1.0,1.0,1.0,;
0,0,0,0,0,0,0,0,0,0,;
100,1,1,1,1,1,1,1,1,1,;
50,1,1,1,1,1,1,1,1,1,;
0,100,100,100,100,100,100,100,100,100,;
5,0,0,0,0,0,0,0,0,0,;
1,1,1,1,1,1,1,1,1,1,;
1,1,1,1,1,1,1,1,1,1,;
100,1,1,1,1,1,1,1,1,1,;
640,0,0,0,0,0,0,0,0,0,;
90,500,500,500,500,500,500,500,500,500,;
0,0,0,0,0,0,0,0,0,0,;
1,1,1,1,1,1,1,1,1,1,;
1,1,1,1,1,1,1,1,1,1,;
1,1,1,1,1,1,1,1,1,1,;
1,1,1,1,1,1,1,1,1,1,;
100,1,1,1,1,1,1,1,1,1,;
2,14,14,14,14,14,14,14,14,14,;
4,0,0,0,0,0,0,0,0,0,;
500,10000,10000,10000,10000,10000,10000,10000,10000,10000,;
10000,0,0,0,0,0,0,0,0,0,;
1,0,0,0,0,0,0,0,0,0,;
593;
376;
1;
0;
0;
0;
1,1,;
0;
2,1,;
0,0,0,0,0,0,0,0,0,0,0,0,0,0,0,0,0,0,0,0,0,0,0,0,0;
0,0,0,0,0,0,0,0,0,0,0,0,0,0,0,0,0,0,0,0,0,0,0,0,0;

