200;
10;
2560;
1440;
4,1080,2208,148,640,640,748,828,860,1724,1700,1700,1724,1636,1636,1496,1496,1464,1464,1568,1568,1684,1744,1748,1756,1556,1548,1436,1436,1460,1360,1360,1520,1768,1772,1916,1932,1916,2028,2016,1932,1139,1148,1068,1064,1064,1060,916,916,760,900,916,872,872,916,948,1020,1024,936,888,900,900,856,856,792,684,684,784,776,688,688,772,936,1016,1024,844,936,756,944,1016,756,844,912,564,656,564,620,2,2,2,1080,2208,2208,4,4,8,2204,2296,828,860,892,900,900,916,872,916,916,748,748,748,564,640,564,1064,1064,1024,1016,936,948,940,944,936,912,684,784,784,688,776,772,756,756,844,872,896,916,916,888,888,856,1616,1468,1568,1684,1748,1636,1624,1612,1684,1720,1636,1700,1724,1724,1736,1436,1548,1552,1772,1764,1916,1932,2016,2028,1360,1362,1435,2,3,5,5,5,5,5,5,5,5,5,5,5,5,5,5,5,5,5,5,5,5,5,5,5,5,5,5,5,5,5,5,5,5,;
1240,1244,1232,4,780,780,828,1244,1252,680,696,696,680,684,684,720,720,620,620,500,500,604,424,576,624,940,924,976,976,936,1000,1000,984,884,908,816,824,816,756,828,824,810,872,816,828,816,828,816,796,812,800,796,616,616,620,600,564,536,580,484,480,480,480,480,588,616,616,556,504,556,556,540,580,496,536,508,580,472,496,496,472,508,576,732,752,732,816,4,2,1438,1244,1232,1232,1268,1268,1268,1280,1244,1244,1248,816,800,800,796,616,796,796,828,828,828,732,780,732,828,816,536,496,580,600,580,496,580,576,616,556,556,556,504,540,472,472,508,620,580,576,580,484,484,480,644,620,500,604,576,684,612,644,605,680,684,700,684,684,892,976,924,924,884,908,816,824,829,756,1000,1000,976,18,5,5,5,5,5,5,5,5,5,5,5,5,5,5,5,5,5,5,5,5,5,5,5,5,5,5,5,5,5,5,5,5,5,;
1080,2208,2556,216,760,748,896,896,916,1844,1792,1724,1756,1756,1700,1636,1616,1616,1620,1620,1684,1744,1748,1892,1892,1736,1736,1548,1556,1548,1460,1520,1556,1916,1932,2032,2032,2028,2104,2104,2016,1240,1240,1240,1240,1140,1148,1064,1068,900,904,917,948,904,948,1020,1124,1124,1024,900,916,916,916,888,876,792,784,876,876,776,772,784,1016,1120,1120,876,944,844,1028,1028,776,896,944,656,716,620,708,216,216,2548,2208,2292,2292,1084,8,2556,2556,2556,860,916,900,916,916,917,948,1062,1062,900,760,760,656,656,620,1240,1140,1124,1120,1016,1020,948,1028,944,944,784,872,872,776,784,776,844,776,876,876,900,948,917,900,900,916,1636,1620,1684,1744,1892,1684,1684,1624,1756,1756,1724,1736,1736,1736,1842,1548,1736,1740,1773,1916,2028,2016,2032,2032,1520,1459,1460,3,146,10,10,10,10,10,10,10,10,10,10,10,10,10,10,10,10,10,10,10,10,10,10,10,10,10,10,10,10,10,10,10,10,;
1244,1232,1040,1244,812,828,816,816,816,1240,1240,680,624,624,696,684,644,644,612,612,604,424,576,508,508,912,892,924,940,924,936,984,940,816,824,784,784,756,784,784,828,836,836,836,836,811,872,828,816,800,628,620,600,628,600,564,596,596,536,612,604,460,460,484,616,588,556,580,580,504,540,556,496,548,548,580,496,508,452,452,504,576,496,752,800,816,812,1244,1244,1437,1232,1245,1244,1244,1240,1436,1436,1040,1252,816,800,796,796,620,600,827,827,800,812,812,752,752,816,837,812,596,548,500,564,600,452,496,496,556,616,616,504,556,504,508,504,580,580,612,600,604,612,480,460,684,612,604,424,508,604,604,604,624,624,680,892,892,892,1243,924,892,912,908,816,756,829,784,784,984,936,937,1433,3,10,10,10,10,10,10,10,10,10,10,10,10,10,10,10,10,10,10,10,10,10,10,10,10,10,10,10,10,10,10,10,10,;
15,15,15,15,15,15,15,15,15,15,15,15,15,15,15,15,15,15,15,15,15,15,15,15,15,15,15,15,15,15,15,15,15,15,15,15,15,15,15,15,15,15,15,15,15,15,15,15,15,15,15,15,15,15,15,15,15,15,15,15,15,15,15,15,15,15,15,15,15,15,15,15,15,15,15,15,15,15,15,15,15,15,15,15,15,15,15,3,146,3,2204,2556,2204,2204,1080,2205,2292,2557,896,896,917,917,904,904,912,918,1240,896,904,640,640,716,708,1148,1240,1021,1024,1024,1025,1024,1016,1016,936,792,792,876,772,876,784,876,876,897,897,872,936,948,917,916,900,1496,1616,1621,1748,1756,1756,1636,1637,1749,1636,1700,1721,1769,1841,1793,1557,1737,1556,1916,2032,2032,2033,2104,2105,1556,1437,1548,22,19,15,15,15,15,15,15,15,15,15,15,15,15,15,15,15,15,15,15,15,15,15,15,15,15,15,15,15,15,15,15,15,15,;
15,15,15,15,15,15,15,15,15,15,15,15,15,15,15,15,15,15,15,15,15,15,15,15,15,15,15,15,15,15,15,15,15,15,15,15,15,15,15,15,15,15,15,15,15,15,15,15,15,15,15,15,15,15,15,15,15,15,15,15,15,15,15,15,15,15,15,15,15,15,15,15,15,15,15,15,15,15,15,15,15,15,15,15,15,15,15,1240,4,1237,1280,1040,1280,1282,1244,1282,1244,1438,816,818,818,818,628,630,628,817,836,816,800,780,780,800,812,872,836,564,536,536,538,536,500,498,580,588,588,580,540,580,556,580,580,578,578,620,580,600,604,604,488,720,644,612,576,624,624,684,684,576,684,698,680,886,1239,1244,940,912,940,816,784,784,784,786,786,940,975,926,25,19,15,15,15,15,15,15,15,15,15,15,15,15,15,15,15,15,15,15,15,15,15,15,15,15,15,15,15,15,15,15,15,15,;
0,0,0,0,0,0,0,0,0,0,0,0,0,0,0,0,0,0,0,0,0,0,0,0,0,0,0,0,0,0,0,0,0,0,0,0,0,0,0,0,0,0,0,0,0,0,0,0,0,0,0,0,0,0,0,0,0,0,0,0,0,0,0,0,0,0,0,0,0,0,0,0,0,0,0,0,0,0,0,0,0,0,0,0,0,0,0,1,1,1,1,1,1,1,1,1,1,1,1,1,1,1,1,1,1,1,1,1,1,1,1,1,1,1,1,1,1,1,1,1,1,1,1,1,1,1,1,1,1,1,1,1,1,1,1,1,1,1,1,1,1,1,1,1,1,1,1,1,1,1,1,1,1,1,1,1,1,1,1,1,1,1,1,1,1,1,0,0,0,0,0,0,0,0,0,0,0,0,0,0,0,0,0,0,0,0,0,0,0,0,0,0,0,0,0,0,0,0,0,0,;
0,0,0,0,0,0,0,0,0,0,0,0,0,0,0,0,0,0,0,0,0,0,0,0,0,0,0,0,0,0,0,0,0,0,0,0,0,0,0,0,0,0,0,0,0,0,0,0,0,0,0,0,0,0,0,0,0,0,0,0,0,0,0,0,0,0,0,0,0,0,0,0,0,0,0,0,0,0,0,0,0,0,0,0,0,0,0,6,6,198,2,2,2,2,2,214,214,214,10,2,10,2,10,2,10,2,10,10,2,2,3,3,3,3,3,5,5,5,5,5,5,5,5,5,5,5,5,5,5,5,5,5,13,13,13,13,6,6,6,4,4,4,4,4,12,4,4,4,10,2,2,10,10,2,2,2,10,10,2,3,3,3,3,3,3,3,0,0,0,0,0,0,0,0,0,0,0,0,0,0,0,0,0,0,0,0,0,0,0,0,0,0,0,0,0,0,0,0,0,0,;
0,0,0,0,0,0,0,0,0,0,0,0,0,0,0,0,0,0,0,0,0,0,0,0,0,0,0,0,0,0,0,0,0,0,0,0,0,0,0,0,0,0,0,0,0,0,0,0,0,0,0,0,0,0,0,0,0,0,0,0,0,0,0,0,0,0,0,0,0,0,0,0,0,0,0,0,0,0,0,0,0,0,0,0,0,0,0,3,3,3,3,3,3,3,3,3,3,3,3,3,3,3,3,3,3,3,3,3,3,3,3,3,3,3,3,3,3,3,3,3,3,3,3,3,3,3,3,3,3,3,3,3,3,3,3,3,3,3,3,3,3,3,3,3,3,3,3,3,3,3,3,3,3,3,3,3,3,3,3,3,3,3,3,3,3,3,0,0,0,0,0,0,0,0,0,0,0,0,0,0,0,0,0,0,0,0,0,0,0,0,0,0,0,0,0,0,0,0,0,0,;
0"",0"",0"",0"",0"",0"",0"",0"",0"",0"",0"",0"",0"",0"",0"",0"",0"",0"",0"",0"",0"",0"",0"",0"",0"",0"",0"",0"",0"",0"",0"",0"",0"",0"",0"",0"",0"",0"",0"",0"",0"",0"",0"",0"",0"",0"",0"",0"",0"",0"",0"",0"",0"",0"",0"",0"",0"",0"",0"",0"",0"",0"",0"",0"",0"",0"",0"",0"",0"",0"",0"",0"",0"",0"",0"",0"",0"",0"",0"",0"",0"",0"",0"",0"",0"",0"",0"",0"",0"",0"",0"",0"",0"",0"",0"",0"",0"",0"",0"",0"",0"",0"",0"",0"",0"",0"",0"",0"",0"",0"",0"",0"",0"",0"",0"",0"",0"",0"",0"",0"",0"",0"",0"",0"",0"",0"",0"",0"",0"",0"",0"",0"",0"",0"",0"",0"",0"",0"",0"",0"",0"",0"",0"",0"",0"",0"",0"",0"",0"",0"",0"",0"",0"",0"",0"",0"",0"",0"",0"",0"",0"",0"",0"",0"",0"",0"",0"",0"",0"",0"",0"",0"",0"",0"",0"",0"",0"",0"",0"",0"",0"",0"",0"",0"",0"",0"",0"",0"",0"",0"",0"",0"",0"",0"",0"",0"",0"",0"",0"",0"",;
2,0,0,0,0,1,2,1,1,1,;
185,1132,1194,1385,1328,1847,196,818,1659,1691,;
501,1018,575,655,920,746,715,729,491,1063,;
1.0,1.0,1.0,1.0,1.0,1.0,1.0,1.0,1.0,1.0,;
1.0,1.0,1.0,1.0,1.0,1.0,1.0,1.0,1.0,1.0,;
2,4,1,0,0,0,0,0,0,0,;
100,100,100,1,1,1,1,1,1,1,;
50,50,1,1,1,1,1,1,1,1,;
1,1,100,100,100,100,100,100,100,100,;
45,231,199,0,0,0,0,0,0,0,;
1,1,5,1,1,1,1,1,1,1,;
10,10,60,1,1,1,1,1,1,1,;
1,100,100,1,1,1,1,1,1,1,;
0,0,0,0,0,0,0,0,0,0,;
100,100,100,500,500,500,500,500,500,500,;
0,0,0,0,0,0,0,0,0,0,;
1,1,1,1,1,1,1,1,1,1,;
1,1,1,1,1,1,1,1,1,1,;
1,1,1,1,1,1,1,1,1,1,;
1,1,1,1,1,1,1,1,1,1,;
100,100,100,1,1,1,1,1,1,1,;
4,12,4,1,1,1,1,1,1,1,;
2,2,4,0,0,0,0,0,0,0,;
0,0,0,0,0,0,0,0,0,0,;
0,0,0,0,0,0,0,0,0,0,;
0,0,0,0,0,0,0,0,0,0,;
1170,;
808,;
1,;
73,;
1,;
3,;
37,;
26,;
0,0,0,0,0,0,0,0,0,0,0,0,0,0,0,0,0,0,0,0,0,0,0,0,0,;
0,0,0,0,0,0,0,0,0,0,0,0,0,0,0,0,0,0,0,0,0,0,0,0,0,;
0,0,0,0,0,0,0,0,0,0,0,0,0,0,0,0,0,0,0,0,0,0,0,0,0,;
