42;
6;
1920;
1760;
938,579,786,1390,577,799,1225,957,1251,1218,1009,939,576,780,574,793,1225,1391,3,939,3,3,1543,939,1009,936,958,886,947,720,677,813,707,676,1315,1291,1372,1289,1371,1292,709,674,;
963,895,583,675,893,1236,1306,895,873,1000,1012,964,898,582,892,1235,1306,676,6,962,2,1756,1088,962,1010,961,1261,1252,1116,713,901,979,962,898,992,1054,1106,1055,1107,1056,961,900,;
956,786,1388,1547,799,1223,1548,1250,1287,1286,1219,1010,785,1396,798,1225,1543,1917,1917,1249,575,1225,1917,1250,1219,1287,1045,955,1020,920,855,854,814,708,1426,1316,1428,1373,1427,1369,811,853,;
896,584,675,1096,1237,1306,1082,873,926,929,1000,1012,583,674,1240,1306,1087,4,7,873,896,1305,5,873,1000,927,1277,1261,1123,787,925,928,979,961,1064,992,1065,1106,1064,1103,979,925,;
15,15,15,15,15,15,15,15,15,15,15,15,2,2,6,6,1915,1544,1391,1286,6,1917,1918,957,1287,1008,1020,948,956,15,15,15,15,15,15,15,15,15,1314,1316,676,813,;
15,15,15,15,15,15,15,15,15,15,15,15,3,3,1755,1755,1753,1087,678,928,1755,1754,1756,896,926,1011,1124,1115,1266,15,15,15,15,15,15,15,15,15,992,995,898,979,;
0,0,0,0,0,0,0,0,0,0,0,0,1,1,1,1,1,1,1,1,1,1,1,1,1,1,1,1,1,1,0,0,0,0,0,0,0,0,1,1,1,1,;
0,0,0,0,0,0,0,0,0,0,0,0,7,7,7,7,7,7,7,7,7,7,7,7,7,7,0,0,0,0,0,0,0,0,0,0,0,0,7,7,7,7,;
0,0,0,0,0,0,0,0,0,0,0,0,3,3,3,3,3,3,3,3,3,3,3,3,3,3,3,3,3,2,0,0,0,0,0,0,0,0,3,3,3,3,;
"","","","","","","","","","","","","","","","","","","","","","","","","","","","","","{u179F}{u17BD}{u179F}{u17D2}{u178F}{u17B8}{u200B}{u1796}{u17B7}{u1797}{u1796}{u179B}{u17C4}{u1780}","","","","","","","","","","","","",;
0,1,1,1,1,1,;
1115,840,1096,969,1056,1263,;
870,1219,1263,622,637,956,;
1.0,1.0,0.1,1.0,1.0,1.0,1.0,1.0,1.0,1.0,;
1.0,1.0,1.0,1.0,1.0,1.0,1.0,1.0,1.0,1.0,;
1,1,0,0,0,0,0,0,0,0,;
100,100,100,1,1,1,1,1,1,1,;
90,0,0,0,0,0,1,1,1,0,;
1,0,0,0,0,0,100,100,100,0,;
15,0,11,0,0,0,0,0,0,0,;
24,1,4,1,1,1,1,1,1,1,;
200,60,10,1,1,1,1,1,1,1,;
300,100,100,1,1,1,1,1,1,1,;
75,0,640,0,0,0,0,0,0,0,;
1,15,5,500,500,500,500,500,500,500,;
20,115,20,0,0,0,0,0,0,0,;
4,1,10,1,1,1,1,1,1,1,;
1,5,15,1,1,1,1,1,1,1,;
3,1,1,1,1,1,1,1,1,1,;
4,1,1,1,1,1,1,1,1,1,;
100,100,100,1,1,1,1,1,1,1,;
11,15,11,1,1,1,1,1,1,1,;
6,0,0,0,0,0,0,0,0,0,;
500,0,0,0,0,0,0,0,0,0,;
5000,0,0,0,0,0,0,0,0,0,;
1,0,0,0,0,0,0,0,0,0,;
961;
1253;
2;
8;
0;




